 Contents of matrix A
0	1	2	3	4	5	6	7	8	9	10	11	

1	2	3	4	5	6	7	8	9	10	11	12	

2	3	4	5	6	7	8	9	10	11	12	13	

3	4	5	6	7	8	9	10	11	12	13	14	

4	5	6	7	8	9	10	11	12	13	14	15	

5	6	7	8	9	10	11	12	13	14	15	16	

6	7	8	9	10	11	12	13	14	15	16	17	

7	8	9	10	11	12	13	14	15	16	17	18	

8	9	10	11	12	13	14	15	16	17	18	19	

9	10	11	12	13	14	15	16	17	18	19	20	

10	11	12	13	14	15	16	17	18	19	20	21	

11	12	13	14	15	16	17	18	19	20	21	22	

12	13	14	15	16	17	18	19	20	21	22	23	

13	14	15	16	17	18	19	20	21	22	23	24	

14	15	16	17	18	19	20	21	22	23	24	25	

15	16	17	18	19	20	21	22	23	24	25	26	

16	17	18	19	20	21	22	23	24	25	26	27	

17	18	19	20	21	22	23	24	25	26	27	28	

18	19	20	21	22	23	24	25	26	27	28	29	

19	20	21	22	23	24	25	26	27	28	29	30	

20	21	22	23	24	25	26	27	28	29	30	31	

21	22	23	24	25	26	27	28	29	30	31	32	

22	23	24	25	26	27	28	29	30	31	32	33	

23	24	25	26	27	28	29	30	31	32	33	34	

24	25	26	27	28	29	30	31	32	33	34	35	

25	26	27	28	29	30	31	32	33	34	35	36	

26	27	28	29	30	31	32	33	34	35	36	37	

27	28	29	30	31	32	33	34	35	36	37	38	

28	29	30	31	32	33	34	35	36	37	38	39	

29	30	31	32	33	34	35	36	37	38	39	40	

30	31	32	33	34	35	36	37	38	39	40	41	

31	32	33	34	35	36	37	38	39	40	41	42	

32	33	34	35	36	37	38	39	40	41	42	43	

33	34	35	36	37	38	39	40	41	42	43	44	

34	35	36	37	38	39	40	41	42	43	44	45	

35	36	37	38	39	40	41	42	43	44	45	46	

36	37	38	39	40	41	42	43	44	45	46	47	

37	38	39	40	41	42	43	44	45	46	47	48	

38	39	40	41	42	43	44	45	46	47	48	49	

39	40	41	42	43	44	45	46	47	48	49	50	

40	41	42	43	44	45	46	47	48	49	50	51	

41	42	43	44	45	46	47	48	49	50	51	52	

42	43	44	45	46	47	48	49	50	51	52	53	

43	44	45	46	47	48	49	50	51	52	53	54	

44	45	46	47	48	49	50	51	52	53	54	55	

45	46	47	48	49	50	51	52	53	54	55	56	

46	47	48	49	50	51	52	53	54	55	56	57	

47	48	49	50	51	52	53	54	55	56	57	58	

48	49	50	51	52	53	54	55	56	57	58	59	

49	50	51	52	53	54	55	56	57	58	59	60	

50	51	52	53	54	55	56	57	58	59	60	61	

51	52	53	54	55	56	57	58	59	60	61	62	

52	53	54	55	56	57	58	59	60	61	62	63	

53	54	55	56	57	58	59	60	61	62	63	64	

54	55	56	57	58	59	60	61	62	63	64	65	

55	56	57	58	59	60	61	62	63	64	65	66	

56	57	58	59	60	61	62	63	64	65	66	67	

57	58	59	60	61	62	63	64	65	66	67	68	

58	59	60	61	62	63	64	65	66	67	68	69	

59	60	61	62	63	64	65	66	67	68	69	70	

 Contents of matrix B
0	-1	-2	-3	-4	-5	-6	-7	-8	-9	

1	0	-1	-2	-3	-4	-5	-6	-7	-8	

2	1	0	-1	-2	-3	-4	-5	-6	-7	

3	2	1	0	-1	-2	-3	-4	-5	-6	

4	3	2	1	0	-1	-2	-3	-4	-5	

5	4	3	2	1	0	-1	-2	-3	-4	

6	5	4	3	2	1	0	-1	-2	-3	

7	6	5	4	3	2	1	0	-1	-2	

8	7	6	5	4	3	2	1	0	-1	

9	8	7	6	5	4	3	2	1	0	

10	9	8	7	6	5	4	3	2	1	

11	10	9	8	7	6	5	4	3	2	

Output Matrix contents:
510	950	1324	1632	1874	2050	2160	2204	2182	2094	

2666	3160	3576	3914	4174	4356	4460	4486	4434	4304	

4942	5490	5948	6316	6594	6782	6880	6888	6806	6634	

7338	7940	8440	8838	9134	9328	9420	9410	9298	9084	

9854	10510	11052	11480	11794	11994	12080	12052	11910	11654	

12490	13200	13784	14242	14574	14780	14860	14814	14642	14344	

15246	16010	16636	17124	17474	17686	17760	17696	17494	17154	

18122	18940	19608	20126	20494	20712	20780	20698	20466	20084	

21118	21990	22700	23248	23634	23858	23920	23820	23558	23134	

24234	25160	25912	26490	26894	27124	27180	27062	26770	26304	

27470	28450	29244	29852	30274	30510	30560	30424	30102	29594	

30826	31860	32696	33334	33774	34016	34060	33906	33554	33004	

34302	35390	36268	36936	37394	37642	37680	37508	37126	36534	

37898	39040	39960	40658	41134	41388	41420	41230	40818	40184	

41614	42810	43772	44500	44994	45254	45280	45072	44630	43954	

1496	2746	3750	4508	5020	5286	5306	5080	4608	3890	

5452	6756	7802	8590	9120	9392	9406	9162	8660	7900	

9528	10886	11974	12792	13340	13618	13626	13364	12832	12030	

13724	15136	16266	17114	17680	17964	17966	17686	17124	16280	

18040	19506	20678	21556	22140	22430	22426	22128	21536	20650	

22476	23996	25210	26118	26720	27016	27006	26690	26068	25140	

27032	28606	29862	30800	31420	31722	31706	31372	30720	29750	

31708	33336	34634	35602	36240	36548	36526	36174	35492	34480	

36504	38186	39526	40524	41180	41494	41466	41096	40384	39330	

41420	43156	44538	45566	46240	46560	46526	46138	45396	44300	

46456	48246	49670	50728	51420	51746	51706	51300	50528	49390	

51612	53456	54922	56010	56720	57052	57006	56582	55780	54600	

56888	58786	60294	61412	62140	62478	62426	61984	61152	59930	

62284	64236	65786	66934	67680	68024	67966	67506	66644	65380	

67800	69806	71398	72576	73340	73690	73626	73148	72256	70950	

2486	4546	6180	7388	8170	8526	8456	7960	7038	5690	

8242	10356	12032	13270	14070	14432	14356	13842	12890	11500	

14118	16286	18004	19272	20090	20458	20376	19844	18862	17430	

20114	22336	24096	25394	26230	26604	26516	25966	24954	23480	

26230	28506	30308	31636	32490	32870	32776	32208	31166	29650	

32466	34796	36640	37998	38870	39256	39156	38570	37498	35940	

38822	41206	43092	44480	45370	45762	45656	45052	43950	42350	

45298	47736	49664	51082	51990	52388	52276	51654	50522	48880	

51894	54386	56356	57804	58730	59134	59016	58376	57214	55530	

58610	61156	63168	64646	65590	66000	65876	65218	64026	62300	

65446	68046	70100	71608	72570	72986	72856	72180	70958	69190	

72402	75056	77152	78690	79670	80092	79956	79262	78010	76200	

79478	82186	84324	85892	86890	87318	87176	86464	85182	83330	

86674	89436	91616	93214	94230	94664	94516	93786	92474	90580	

93990	96806	99028	100656	101690	102130	101976	101228	99886	97950	

3476	6346	8610	10268	11320	11766	11606	10840	9468	7490	

11032	13956	16262	17950	19020	19472	19306	18522	17120	15100	

18708	21686	24034	25752	26840	27298	27126	26324	24892	22830	

26504	29536	31926	33674	34780	35244	35066	34246	32784	30680	

34420	37506	39938	41716	42840	43310	43126	42288	40796	38650	

42456	45596	48070	49878	51020	51496	51306	50450	48928	46740	

50612	53806	56322	58160	59320	59802	59606	58732	57180	54950	

58888	62136	64694	66562	67740	68228	68026	67134	65552	63280	

67284	70586	73186	75084	76280	76774	76566	75656	74044	71730	

75800	79156	81798	83726	84940	85440	85226	84298	82656	80300	

84436	87846	90530	92488	93720	94226	94006	93060	91388	88990	

93192	96656	99382	101370	102620	103132	102906	101942	100240	97800	

102068	105586	108354	110372	111640	112158	111926	110944	109212	106730	

111064	114636	117446	119494	120780	121304	121066	120066	118304	115780	

120180	123806	126658	128736	130040	130570	130326	129308	127516	124950	

total time: 0.00010898 sec
